84
ES1_30A	45834	0	0.05000025002625276	0.44340547243779505	0.3466544656295785	0.32613946045953446	0.1936135529487064	0.22063596041623953	0.20576454763202504	0.37300984078726296	0.800968058083485	0.8009670628590858	0.20964281963966938	0.31846547723817903	0.34090386327042893	0.800968058083485	0.34674447328022884	0.3222956180837179	0.3794334575093132	0.46107496987304175	0.4652992034243253	0.3531282502600208	0.8009660676247338	0.8009640771261701	0.8009650723804286	0.8009670628590858	0.8009660676247338	0.8009650723804286	0.8009650723804286	0.7623698014331218	0.8009640771261701	0.8009650723804286	0.8009650723804286	0.8009660676247338	0.8009640771261701	0.8009620865877929	0.8009650723804286	0.8009600960096009	0.8009620865877929	0.8009630818619583	0.8009670628590858	0.800968058083485	0.8009670628590858	0.8515596091726421	0.8554206023391521	0.8562599381956737	0.8009660676247338	0.800968058083485	0.8009660676247338	0.8596208753568982	0.8609395704677851	0.8567206868446449	0.8009660676247338	0.8009670628590858	0.800968058083485	0.8009690532979313	0.800968058083485	0.8009690532979313	0.8009660676247338	0.8009670628590858	0.8009670628590858	0.721989149186189	0.7219905393377536	0.7219905393377536	0.8009650723804286	0.8009690532979313	0.8009670628590858	0.8724804360327024	0.8735217789156295	0.8755519108742068	0.8009670628590858	0.8009670628590858	0.800968058083485	0.8603302231156181	0.8581000670046903	0.8606602462172352	0.8009690532979313	0.8009670628590858	0.8009670628590858	0.8769820038302489	0.8757019206248406	0.8716916599578972	0.800968058083485	0.800968058083485	0.8009690532979313
ES1_33A	45835	0.05000025002625276	0	0.4300858581565249	0.33409340934093407	0.31458831294816536	0.15537820714760756	0.2097630739381332	0.18896078568642552	0.360899285432116	0.7984348826161962	0.7984338747099768	0.1931793179317932	0.30779424045284304	0.32920298225349154	0.7984348826161962	0.334993499349935	0.31030413345468	0.36743306897620787	0.4477558204656373	0.45197971776895457	0.33950725318905295	0.7984328667936774	0.7984308509308384	0.7984318588672981	0.7984338747099768	0.7984328667936774	0.7984318588672981	0.7984318588672981	0.7598359835983598	0.7984308509308384	0.7984318588672981	0.7984318588672981	0.7984328667936774	0.7984308509308384	0.7984288350276779	0.7984318588672981	0.7984268190841947	0.7984288350276779	0.7984298429842984	0.7984338747099768	0.7984348826161962	0.7984338747099768	0.8515573823775021	0.8554184334746779	0.8562577819114625	0.7984328667936774	0.7984348826161962	0.7984328667936774	0.8596187695015601	0.8609374843735936	0.8567185374829986	0.7984328667936774	0.7984338747099768	0.7984348826161962	0.7984358905123359	0.7984348826161962	0.7984358905123359	0.7984328667936774	0.7984338747099768	0.7984338747099768	0.7186046744206979	0.718606081516929	0.718606081516929	0.7984318588672981	0.7984358905123359	0.7984338747099768	0.8724785230670761	0.8735198815905273	0.8755500440035203	0.7984338747099768	0.7984338747099768	0.7984348826161962	0.8603281278908708	0.8580979383247576	0.8606581559432552	0.7984358905123359	0.7984338747099768	0.7984338747099768	0.876980158412673	0.8757000560044803	0.8716897351788143	0.7984348826161962	0.7984348826161962	0.7984358905123359
ES7_36A	45836	0.44340547243779505	0.4300858581565249	0	0.2583943795784684	0.24831114022411457	0.3453407204432266	0.3920583249576214	0.3797872819189631	0.24765733601352094	0.7182259112955648	0.7182245023476291	0.4027952096407231	0.2661686318042263	0.2721863311798708	0.7182259112955648	0.25715428657149286	0.25322652425456166	0.27276272957742254	0.08350959302761651	0.05870999034917968	0.2734491414399008	0.7182230933856031	0.7182202754192794	0.7182216844094866	0.7182245023476291	0.7182230933856031	0.7182216844094866	0.7182216844094866	0.6796259719478961	0.7182202754192794	0.7182216844094866	0.7182216844094866	0.7182230933856031	0.7182202754192794	0.7182174573965917	0.7182216844094866	0.7182146393175386	0.7182174573965917	0.7182188664149811	0.7182245023476291	0.7182259112955648	0.7182245023476291	0.8515610936656199	0.8554220482126517	0.8562613756825409	0.7182230933856031	0.7182259112955648	0.7182230933856031	0.8596222792253574	0.8609409611624755	0.8567221197165844	0.7182230933856031	0.7182245023476291	0.7182259112955648	0.7182273202294103	0.7182259112955648	0.7182273202294103	0.7182230933856031	0.7182245023476291	0.7182245023476291	0.6445068929480416	0.6423485409124547	0.6449486969218153	0.7182216844094866	0.7182273202294103	0.7182245023476291	0.8724817113112352	0.8735230437674072	0.8755531554235483	0.7182245023476291	0.7182245023476291	0.7182259112955648	0.8603316198971939	0.8581014860891654	0.8606616396983819	0.7182273202294103	0.7182245023476291	0.7182245023476291	0.8769832340778743	0.875703163674002	0.8716929431118712	0.7182259112955648	0.7182259112955648	0.7182273202294103
ES2_30A	45837	0.3466544656295785	0.33409340934093407	0.2583943795784684	0	0.03138219675377277	0.23918054673553782	0.23513116180456242	0.2527927513476213	0.03710778308373128	0.7209746536059484	0.7209732583955037	0.26087086966957357	0.055159136935270144	0.025416652082385353	0.7209746536059484	0.012370989679174334	0.029222630036703303	0.06772474073185122	0.291747504850291	0.2940864677821004	0.03601770132759957	0.7209718631711062	0.7209690726804511	0.7209704679327553	0.7209732583955037	0.7209718631711062	0.7209704679327553	0.7209704679327553	0.6823745899671974	0.7209690726804511	0.7209704679327553	0.7209704679327553	0.7209718631711062	0.7209690726804511	0.7209662821339814	0.7209704679327553	0.7209634915316955	0.7209662821339814	0.7209676774141931	0.7209732583955037	0.7209746536059484	0.7209732583955037	0.8515603514228425	0.8554213252795168	0.8562606569427013	0.7209718631711062	0.7209746536059484	0.7209718631711062	0.8596215772946377	0.8609402658186073	0.8567214032841971	0.7209718631711062	0.7209732583955037	0.7209746536059484	0.7209760488024402	0.7209746536059484	0.7209760488024402	0.7209718631711062	0.7209732583955037	0.7209732583955037	0.647255307871551	0.6450969313005346	0.6476971003115203	0.7209704679327553	0.7209760488024402	0.7209732583955037	0.8724810736751573	0.8735224113446807	0.8755525331519891	0.7209732583955037	0.7209732583955037	0.7209746536059484	0.8603309215098981	0.8581007765504758	0.8606609429612925	0.7209760488024402	0.7209732583955037	0.7209732583955037	0.8769826189571375	0.8757025421525292	0.8716923015380923	0.7209746536059484	0.7209746536059484	0.7209760488024402
ES2_33A	45838	0.32613946045953446	0.31458831294816536	0.24831114022411457	0.03138219675377277	0	0.2270774892619094	0.23744899591967358	0.232388591087287	0.058588808272537714	0.7301978589036506	0.7301965098254912	0.2629884091886432	0.03648737167915914	0.031856752121366676	0.7301978589036506	0.02883201824127689	0.014651172093767501	0.08852531151869113	0.27056352817640883	0.27150172013761104	0.045807977518538705	0.7301951607338404	0.7301924625100632	0.7301938116286977	0.7301965098254912	0.7301951607338404	0.7301938116286977	0.7301938116286977	0.6915984118888322	0.7301924625100632	0.7301938116286977	0.7301938116286977	0.7301951607338404	0.7301924625100632	0.7301897642323174	0.7301938116286977	0.7301870659006016	0.7301897642323174	0.7301911133779364	0.7301965098254912	0.7301978589036506	0.7301965098254912	0.8515618359009746	0.8554227711385569	0.8562620944151929	0.7301951607338404	0.7301978589036506	0.7301951607338404	0.8596229811490574	0.8609416564993899	0.8567228361418071	0.7301951607338404	0.7301965098254912	0.7301978589036506	0.7301992079683187	0.7301978589036506	0.7301992079683187	0.7301951607338404	0.7301965098254912	0.7301965098254912	0.6564793887633258	0.654320987654321	0.6569211306621864	0.7301938116286977	0.7301992079683187	0.7301965098254912	0.8724823489409365	0.8735236761838092	0.8755537776888844	0.7301965098254912	0.7301965098254912	0.7301978589036506	0.8603323182775052	0.8581021956207592	0.8606623364285035	0.7301992079683187	0.7301965098254912	0.7301965098254912	0.8769838491924596	0.8757037851892595	0.871693584679234	0.7301978589036506	0.7301978589036506	0.7301992079683187
ES1_36A	45839	0.1936135529487064	0.15537820714760756	0.3453407204432266	0.23918054673553782	0.2270774892619094	0	0.17191789384203815	0.15798684901367602	0.25454527271636296	0.7636205448217929	0.7636193628713293	0.18560706445918984	0.21001260075604536	0.23227161358067902	0.7636205448217929	0.2437108412046783	0.2187214041053079	0.2591492532089265	0.3653914426149177	0.36965272395429655	0.24392463547812868	0.7636181809090454	0.7636158169490169	0.7636169989349414	0.7636193628713293	0.7636181809090454	0.7636169989349414	0.7636169989349414	0.7250221264382185	0.7636158169490169	0.7636169989349414	0.7636169989349414	0.7636181809090454	0.7636158169490169	0.7636134529417059	0.7636169989349414	0.7636110888871109	0.7636134529417059	0.7636146349512718	0.7636193628713293	0.7636205448217929	0.7636193628713293	0.8515625781289065	0.8554234940572326	0.856262813140657	0.7636181809090454	0.7636205448217929	0.7636181809090454	0.859623683065738	0.8609423518293506	0.8567235525598652	0.7636181809090454	0.7636193628713293	0.7636205448217929	0.7636217267604366	0.7636205448217929	0.7636217267604366	0.7636181809090454	0.7636193628713293	0.7636193628713293	0.6699618479016346	0.6699634981749087	0.6699634981749087	0.7636169989349414	0.7636217267604366	0.7636193628713293	0.872482986564261	0.8735243085938867	0.8755543999479977	0.7636193628713293	0.7636193628713293	0.7636205448217929	0.8603330166508325	0.8581029051452572	0.8606630331516576	0.7636217267604366	0.7636193628713293	0.7636193628713293	0.8769844643008935	0.8757044066983014	0.8716942262401808	0.7636205448217929	0.7636205448217929	0.7636217267604366
ES3_30A	45840	0.22063596041623953	0.2097630739381332	0.3920583249576214	0.23513116180456242	0.23744899591967358	0.17191789384203815	0	0.044544454445444547	0.26234729952045927	0.7830859005835379	0.7830848159371157	0.0550049504455401	0.23054459629068472	0.23035227642073156	0.7830859005835379	0.2352211699052915	0.23451345134513452	0.2688815105208417	0.4085886012020841	0.41281128112811283	0.24366571158548478	0.783083731279846	0.7830815619327642	0.7830826466117289	0.7830848159371157	0.783083731279846	0.7830826466117289	0.7830826466117289	0.7444870038303447	0.7830815619327642	0.7830826466117289	0.7830826466117289	0.783083731279846	0.7830815619327642	0.7830793925422915	0.7830826466117289	0.7830772231084264	0.7830793925422915	0.7830804772429518	0.7830848159371157	0.7830859005835379	0.7830848159371157	0.8515588669150186	0.8554198793915574	0.8562592194414581	0.783083731279846	0.7830859005835379	0.783083731279846	0.8596201734121388	0.8609388751100088	0.8567199703979279	0.783083731279846	0.7830848159371157	0.7830859005835379	0.7830869852191131	0.7830859005835379	0.7830869852191131	0.783083731279846	0.7830848159371157	0.7830848159371157	0.697275782062565	0.6972772957971848	0.6972772957971848	0.7830826466117289	0.7830869852191131	0.7830848159371157	0.8724797983838707	0.8735211464802536	0.8755512885902013	0.7553528747012291	0.7553528747012291	0.7553540980163711	0.8603295247143535	0.8580993574518089	0.8606595494662099	0.7830869852191131	0.7830848159371157	0.7830848159371157	0.8769813886972088	0.8757012990909364	0.871691018371286	0.7830859005835379	0.7830859005835379	0.7830869852191131
ES3_33A	45841	0.20576454763202504	0.18896078568642552	0.3797872819189631	0.2527927513476213	0.232388591087287	0.15798684901367602	0.044544454445444547	0	0.2780886375341904	0.7965667768404946	0.7965657596031722	0.045334080067206045	0.22559417550491792	0.2479035927694577	0.7965667768404946	0.25369283235491197	0.22811281128112812	0.2842927434194736	0.39371756022921606	0.3970497049704971	0.25721686343339184	0.7965647423556766	0.7965627078301656	0.7965637250980079	0.7965657596031722	0.7965647423556766	0.7965637250980079	0.7965637250980079	0.7579682171395425	0.7965627078301656	0.7965637250980079	0.7965637250980079	0.7965647423556766	0.7965627078301656	0.7965606732639601	0.7965637250980079	0.796558638657059	0.7965606732639601	0.7965616905521496	0.7965657596031722	0.7965667768404946	0.7965657596031722	0.8515588669150186	0.8554198793915574	0.8562592194414581	0.7965647423556766	0.7965667768404946	0.7965647423556766	0.8596201734121388	0.8609388751100088	0.8567199703979279	0.7965647423556766	0.7965657596031722	0.7965667768404946	0.7965677940676441	0.7965667768404946	0.7965677940676441	0.7965647423556766	0.7965657596031722	0.7965657596031722	0.711076886150892	0.7110783308748156	0.7110783308748156	0.7965637250980079	0.7965677940676441	0.7965657596031722	0.8724797983838707	0.8735211464802536	0.8755512885902013	0.7728641004870341	0.7728641004870341	0.7728652362403556	0.8603295247143535	0.8580993574518089	0.8606595494662099	0.7965677940676441	0.7965657596031722	0.7965657596031722	0.8769813886972088	0.8757012990909364	0.871691018371286	0.7965667768404946	0.7965667768404946	0.7965677940676441
ES2_36A	45842	0.37300984078726296	0.360899285432116	0.24765733601352094	0.03710778308373128	0.058588808272537714	0.25454527271636296	0.26234729952045927	0.2780886375341904	0	0.7178158907945398	0.7178144797963888	0.28468635147636073	0.07440520836458552	0.04586275176510591	0.7178158907945398	0.04424831862389679	0.0582499512458559	0.0673093751093821	0.29042097315352344	0.293649960246621	0.05061354294800636	0.7178130687841271	0.7178102467172702	0.7178116577577542	0.7178144797963888	0.7178130687841271	0.7178116577577542	0.7178116577577542	0.6792159411955897	0.7178102467172702	0.7178116577577542	0.7178116577577542	0.7178130687841271	0.7178102467172702	0.7178074245939675	0.7178116577577542	0.7178046024142173	0.7178074245939675	0.7178088356626747	0.7178144797963888	0.7178158907945398	0.7178144797963888	0.8515610936656199	0.8554220482126517	0.8562613756825409	0.7178130687841271	0.7178158907945398	0.7178130687841271	0.8596222792253574	0.8609409611624755	0.8567221197165844	0.7178130687841271	0.7178144797963888	0.7178158907945398	0.71781730177858	0.7178158907945398	0.71781730177858	0.7178130687841271	0.7178144797963888	0.7178144797963888	0.6440968662963092	0.6419385163109786	0.6445386723203392	0.7178116577577542	0.71781730177858	0.7178144797963888	0.8724817113112352	0.8735230437674072	0.8755531554235483	0.7178144797963888	0.7178144797963888	0.7178158907945398	0.8603316198971939	0.8581014860891654	0.8606616396983819	0.71781730177858	0.7178144797963888	0.7178144797963888	0.8769832340778743	0.875703163674002	0.8716929431118712	0.7178158907945398	0.7178158907945398	0.71781730177858
ES4_30A	45843	0.800968058083485	0.7984348826161962	0.7182259112955648	0.7209746536059484	0.7301978589036506	0.7636205448217929	0.7830859005835379	0.7965667768404946	0.7178158907945398	0	0.010355362437685318	0.7997589867442709	0.7274763738186909	0.7325893035721429	0.04728141844255328	0.720804644255434	0.7301524599098942	0.7102769624633108	0.7288405094178296	0.731452544415387	0.7310365518275914	0.6162546501860074	0.6162508125406271	0.6162527313729118	0.6162565689799143	0.6162546501860074	0.6162527313729118	0.6162527313729118	0.6162488936891529	0.6162508125406271	0.6162527313729118	0.6162527313729118	0.6162546501860074	0.6162508125406271	0.6162469748184891	0.6162527313729118	0.6295440680847659	0.6162469748184891	0.6162488936891529	0.6162565689799143	0.6162584877546327	0.6162565689799143	0.8515640625625025	0.8554249398728956	0.8562642505700228	0.5540321612864515	0.5508465253957618	0.5518920756830273	0.8596250868780407	0.8609437424684111	0.8567249853744882	0.5572622904916197	0.5516443075507643	0.556156684700541	0.6162604065101628	0.6162584877546327	0.6162604065101628	0.5561022440897636	0.5738650852779847	0.5575545144080043	0.6162527313729118	0.6162546501860074	0.6162546501860074	0.5636303633663515	0.5574989374734368	0.5581645357587516	0.8724842617917806	0.8735255733950689	0.8755556444475556	0.6162565689799143	0.6162565689799143	0.6162584877546327	0.860334413376535	0.8581043241729669	0.8606644265770631	0.5558888972224305	0.5519043166510827	0.5562144675063627	0.8769856944993075	0.8757056496977395	0.871695509342827	0.6162584877546327	0.6169085072552176	0.6162604065101628
ES4_33A	45844	0.8009670628590858	0.7984338747099768	0.7182245023476291	0.7209732583955037	0.7301965098254912	0.7636193628713293	0.7830848159371157	0.7965657596031722	0.7178144797963888	0.010355362437685318	0	0.7997579854791288	0.7274750111256119	0.7325879664584907	0.04706664733265664	0.7208032481948917	0.7301511105777404	0.7102755137756888	0.7288391535661426	0.7314512015841109	0.7310352069363815	0.6115825212134546	0.6115786368250253	0.6115805790289515	0.6115844633785351	0.6115825212134546	0.6115805790289515	0.6115805790289515	0.6115766946016761	0.6115786368250253	0.6115805790289515	0.6115805790289515	0.6115825212134546	0.6115786368250253	0.6115747523589034	0.6115805790289515	0.6283321249093682	0.6115747523589034	0.6115766946016761	0.6115844633785351	0.6115864055241933	0.6115844633785351	0.8515633203494157	0.8554242169686788	0.8562635318589337	0.553489907045817	0.5468441395448841	0.5472196248831197	0.8596243849753991	0.8609430471523576	0.8567242689707588	0.5525898665439944	0.546971878875155	0.5514843019505683	0.6115883476504295	0.6115864055241933	0.6115883476504295	0.5514298143416454	0.5726529061162446	0.5528821152846114	0.6115805790289515	0.6115825212134546	0.6115825212134546	0.5624181209060453	0.5528265847975439	0.5534921396855874	0.8724836241812091	0.8735249409976399	0.875555022200888	0.6115844633785351	0.6115844633785351	0.6115864055241933	0.8603337150171758	0.8581036146626598	0.860663729867844	0.5512165364960949	0.547231889275571	0.5515420616824673	0.8769850794031762	0.875705028201128	0.8716948677947118	0.6115864055241933	0.613446470626472	0.6115883476504295
ES3_36A	45845	0.20964281963966938	0.1931793179317932	0.4027952096407231	0.26087086966957357	0.2629884091886432	0.18560706445918984	0.0550049504455401	0.045334080067206045	0.28468635147636073	0.7997589867442709	0.7997579854791288	0	0.25602420181513613	0.25504157770255065	0.7997589867442709	0.2609608768701496	0.2591433228990609	0.29122038542697987	0.4191351481088865	0.4233581022292006	0.26360477035777685	0.7997569842039732	0.7997549816236218	0.7997559829188043	0.7997579854791288	0.7997569842039732	0.7997559829188043	0.7997559829188043	0.7611608928714297	0.7997549816236218	0.7997559829188043	0.7997559829188043	0.7997569842039732	0.7997549816236218	0.7997529790032153	0.7997559829188043	0.7997509763427526	0.7997529790032153	0.7997539803184255	0.7997579854791288	0.7997589867442709	0.7997579854791288	0.8515603514228425	0.8554213252795168	0.8562606569427013	0.7997569842039732	0.7997589867442709	0.7997569842039732	0.8596215772946377	0.8609402658186073	0.8567214032841971	0.7997569842039732	0.7997579854791288	0.7997589867442709	0.7997599879994	0.7997589867442709	0.7997599879994	0.7997569842039732	0.7997579854791288	0.7997579854791288	0.7163601452101647	0.7163615635016276	0.7163615635016276	0.7997559829188043	0.7997599879994	0.7997579854791288	0.8724810736751573	0.8735224113446807	0.8755525331519891	0.7737464247854872	0.7737464247854872	0.7737475561155863	0.8603309215098981	0.8581007765504758	0.8606609429612925	0.7997599879994	0.7997579854791288	0.7997579854791288	0.8769826189571375	0.8757025421525292	0.8716923015380923	0.7997589867442709	0.7997589867442709	0.7997599879994
ES5_30A	45846	0.31846547723817903	0.30779424045284304	0.2661686318042263	0.055159136935270144	0.03648737167915914	0.21001260075604536	0.23054459629068472	0.22559417550491792	0.07440520836458552	0.7274763738186909	0.7274750111256119	0.25602420181513613	0	0.0439626377582655	0.7274763738186909	0.05665924944370828	0.04333868378812199	0.06762939591073419	0.29656131087209797	0.29890040653455546	0.07268508795615693	0.7274736484189052	0.7274709229646075	0.7274722856985704	0.7274750111256119	0.7274736484189052	0.7274722856985704	0.7274722856985704	0.6888766657499312	0.7274709229646075	0.7274722856985704	0.7274722856985704	0.7274736484189052	0.7274709229646075	0.7274681974557965	0.7274722856985704	0.7274654718924704	0.7274681974557965	0.7274695602170163	0.7274750111256119	0.7274763738186909	0.7274750111256119	0.8515610936656199	0.8554220482126517	0.8562613756825409	0.7274736484189052	0.7274763738186909	0.7274736484189052	0.8596222792253574	0.8609409611624755	0.8567221197165844	0.7274736484189052	0.7274750111256119	0.7274763738186909	0.7274777364981424	0.7274763738186909	0.7274777364981424	0.7274736484189052	0.7274750111256119	0.7274750111256119	0.6537574942371254	0.6515990959457567	0.6541992519551173	0.7274722856985704	0.7274777364981424	0.7274750111256119	0.8724817113112352	0.8735230437674072	0.8755531554235483	0.7274750111256119	0.7274750111256119	0.7274763738186909	0.8603316198971939	0.8581014860891654	0.8606616396983819	0.7274777364981424	0.7274750111256119	0.7274750111256119	0.8769832340778743	0.875703163674002	0.8716929431118712	0.7274763738186909	0.7274763738186909	0.7274777364981424
ES5_33A	45847	0.34090386327042893	0.32920298225349154	0.2721863311798708	0.025416652082385353	0.031856752121366676	0.23227161358067902	0.23035227642073156	0.2479035927694577	0.04586275176510591	0.7325893035721429	0.7325879664584907	0.25504157770255065	0.0439626377582655	0	0.7325893035721429	0.02802682174341332	0.03616771257844338	0.06684867667721725	0.2963883374751864	0.29610720804060303	0.033942036522191334	0.7325866293314666	0.7325839550373022	0.7325852921910705	0.7325879664584907	0.7325866293314666	0.7325852921910705	0.7325852921910705	0.6939901093571083	0.7325839550373022	0.7325852921910705	0.7325852921910705	0.7325866293314666	0.7325839550373022	0.7325812806896482	0.7325852921910705	0.7325786062885031	0.7325812806896482	0.7325826178701615	0.7325879664584907	0.7325893035721429	0.7325879664584907	0.8515625781289065	0.8554234940572326	0.856262813140657	0.7325866293314666	0.7325893035721429	0.7325866293314666	0.859623683065738	0.8609423518293506	0.8567235525598652	0.7325866293314666	0.7325879664584907	0.7325893035721429	0.7325906406724235	0.7325893035721429	0.7325906406724235	0.7325866293314666	0.7325879664584907	0.7325879664584907	0.6588712379180854	0.6567128356417821	0.6593129656482825	0.7325852921910705	0.7325906406724235	0.7325879664584907	0.872482986564261	0.8735243085938867	0.8755543999479977	0.7325879664584907	0.7325879664584907	0.7325893035721429	0.8603330166508325	0.8581029051452572	0.8606630331516576	0.7325906406724235	0.7325879664584907	0.7325879664584907	0.8769844643008935	0.8757044066983014	0.8716942262401808	0.7325893035721429	0.7325893035721429	0.7325906406724235
ES4_36A	45848	0.800968058083485	0.7984348826161962	0.7182259112955648	0.7209746536059484	0.7301978589036506	0.7636205448217929	0.7830859005835379	0.7965667768404946	0.7178158907945398	0.04728141844255328	0.04706664733265664	0.7997589867442709	0.7274763738186909	0.7325893035721429	0	0.720804644255434	0.7301524599098942	0.7102769624633108	0.7288405094178296	0.731452544415387	0.7310365518275914	0.5771630865234609	0.5771588579428971	0.577160972243751	0.5771652007820274	0.5771630865234609	0.577160972243751	0.577160972243751	0.5771567436208992	0.5771588579428971	0.577160972243751	0.577160972243751	0.5771630865234609	0.5771588579428971	0.5771546292777566	0.577160972243751	0.6113227925954817	0.5933756025361522	0.5771567436208992	0.5869455430940083	0.5801774053221597	0.5843554524408354	0.8515640625625025	0.8554249398728956	0.8562642505700228	0.5331613264530581	0.517535526065782	0.5226809072362895	0.8596250868780407	0.8609437424684111	0.8567249853744882	0.5266310652426097	0.5125529393528774	0.517065511965359	0.5794694867371685	0.5776873306199186	0.5839795994899872	0.5292811712468499	0.5556444475556644	0.5352437335306736	0.577160972243751	0.5771630865234609	0.5771630865234609	0.5454095434294544	0.5283582089552239	0.5345537093798283	0.8724842617917806	0.8735255733950689	0.8755556444475556	0.5817653617876626	0.5771652007820274	0.591167735032051	0.860334413376535	0.8581043241729669	0.8606644265770631	0.5167979199479987	0.521843264514258	0.5255033926187417	0.8769856944993075	0.8757056496977395	0.871695509342827	0.591187735632069	0.5960378811364341	0.587209680242006
ES6_30A	45849	0.34674447328022884	0.334993499349935	0.25715428657149286	0.012370989679174334	0.02883201824127689	0.2437108412046783	0.2352211699052915	0.25369283235491197	0.04424831862389679	0.720804644255434	0.7208032481948917	0.2609608768701496	0.05665924944370828	0.02802682174341332	0.720804644255434	0	0.0331929873688632	0.0708249577470423	0.28915734944096644	0.2914962346611195	0.04007800585043878	0.7208018521203878	0.7207990599294947	0.7208004560319222	0.7208032481948917	0.7208018521203878	0.7208004560319222	0.7208004560319222	0.6822045763661093	0.7207990599294947	0.7208004560319222	0.7208004560319222	0.7208018521203878	0.7207990599294947	0.7207962676827531	0.7208004560319222	0.7207934753801611	0.7207962676827531	0.7207976638131051	0.7208032481948917	0.720804644255434	0.7208032481948917	0.8515603514228425	0.8554213252795168	0.8562606569427013	0.7208018521203878	0.720804644255434	0.7208018521203878	0.8596215772946377	0.8609402658186073	0.8567214032841971	0.7208018521203878	0.7208032481948917	0.720804644255434	0.7208060403020151	0.720804644255434	0.7208060403020151	0.7208018521203878	0.7208032481948917	0.7208032481948917	0.647085295970718	0.6449269202498162	0.6475270892608019	0.7208004560319222	0.7208060403020151	0.7208032481948917	0.8724810736751573	0.8735224113446807	0.8755525331519891	0.7208032481948917	0.7208032481948917	0.720804644255434	0.8603309215098981	0.8581007765504758	0.8606609429612925	0.7208060403020151	0.7208032481948917	0.7208032481948917	0.8769826189571375	0.8757025421525292	0.8716923015380923	0.720804644255434	0.720804644255434	0.7208060403020151
ES6_33A	45850	0.3222956180837179	0.31030413345468	0.25322652425456166	0.029222630036703303	0.014651172093767501	0.2187214041053079	0.23451345134513452	0.22811281128112812	0.0582499512458559	0.7301524599098942	0.7301511105777404	0.2591433228990609	0.04333868378812199	0.03616771257844338	0.7301524599098942	0.0331929873688632	0	0.09158732698615889	0.2734491414399008	0.27442744274427444	0.042128580929378996	0.7301497612320924	0.7301470625003125	0.7301484118729499	0.7301511105777404	0.7301497612320924	0.7301484118729499	0.7301484118729499	0.6915522397015731	0.7301470625003125	0.7301484118729499	0.7301484118729499	0.7301497612320924	0.7301470625003125	0.7301443637145529	0.7301484118729499	0.7301416648748118	0.7301443637145529	0.7301457131141803	0.7301511105777404	0.7301524599098942	0.7301511105777404	0.8515588669150186	0.8554198793915574	0.8562592194414581	0.7301497612320924	0.7301524599098942	0.7301497612320924	0.8596201734121388	0.8609388751100088	0.8567199703979279	0.7301497612320924	0.7301511105777404	0.7301524599098942	0.7301538092285537	0.7301524599098942	0.7301538092285537	0.7301497612320924	0.7301511105777404	0.7301511105777404	0.6564325146011681	0.6560542040653049	0.6568742655699178	0.7301484118729499	0.7301538092285537	0.7301511105777404	0.8724797983838707	0.8735211464802536	0.8755512885902013	0.7301511105777404	0.7301511105777404	0.7301524599098942	0.8603295247143535	0.8580993574518089	0.8606595494662099	0.7301538092285537	0.7301511105777404	0.7301511105777404	0.8769813886972088	0.8757012990909364	0.871691018371286	0.7301524599098942	0.7301524599098942	0.7301538092285537
ES5_36A	45851	0.3794334575093132	0.36743306897620787	0.27276272957742254	0.06772474073185122	0.08852531151869113	0.2591492532089265	0.2688815105208417	0.2842927434194736	0.0673093751093821	0.7102769624633108	0.7102755137756888	0.29122038542697987	0.06762939591073419	0.06684867667721725	0.7102769624633108	0.0708249577470423	0.09158732698615889	0	0.3204660233011651	0.3228058244659573	0.08305039827588793	0.710274065073579	0.7102711676258957	0.7102726163569815	0.7102755137756888	0.710274065073579	0.7102726163569815	0.7102726163569815	0.6716770173912174	0.7102711676258957	0.7102726163569815	0.7102726163569815	0.710274065073579	0.7102711676258957	0.7102682701202591	0.7102726163569815	0.7102653725566673	0.7102682701202591	0.7102697188803216	0.7102755137756888	0.7102769624633108	0.7102755137756888	0.8515618359009746	0.8554227711385569	0.8562620944151929	0.710274065073579	0.7102769624633108	0.710274065073579	0.8596229811490574	0.8609416564993899	0.8567228361418071	0.710274065073579	0.7102755137756888	0.7102769624633108	0.7102784111364454	0.7102769624633108	0.7102784111364454	0.710274065073579	0.7102755137756888	0.7102755137756888	0.6365581934916095	0.6343998919940597	0.6370000350019251	0.7102726163569815	0.7102784111364454	0.7102755137756888	0.8724823489409365	0.8735236761838092	0.8755537776888844	0.7102755137756888	0.7102755137756888	0.7102769624633108	0.8603323182775052	0.8581021956207592	0.8606623364285035	0.7102784111364454	0.7102755137756888	0.7102755137756888	0.8769838491924596	0.8757037851892595	0.871693584679234	0.7102769624633108	0.7102769624633108	0.7102784111364454
ES7_30A	45852	0.46107496987304175	0.4477558204656373	0.08350959302761651	0.291747504850291	0.27056352817640883	0.3653914426149177	0.4085886012020841	0.39371756022921606	0.29042097315352344	0.7288405094178296	0.7288391535661426	0.4191351481088865	0.29656131087209797	0.2963883374751864	0.7288405094178296	0.28915734944096644	0.2734491414399008	0.3204660233011651	0	0.044173092116448154	0.2949812239673182	0.7288377977008965	0.7288350859297261	0.7288364418220911	0.7288391535661426	0.7288377977008965	0.7288364418220911	0.7021951097554878	0.6902414144848691	0.7288350859297261	0.7288364418220911	0.7288364418220911	0.7288377977008965	0.7288350859297261	0.702690674893868	0.7288364418220911	0.7288296622246668	0.7288323741043168	0.7288337300238015	0.7288391535661426	0.7288405094178296	0.7288391535661426	0.8515633203494157	0.8554242169686788	0.8562635318589337	0.7288377977008965	0.7288405094178296	0.7288377977008965	0.8596243849753991	0.8609430471523576	0.8567242689707588	0.7288377977008965	0.7288391535661426	0.7288405094178296	0.7288418652559577	0.7288405094178296	0.7288418652559577	0.7288377977008965	0.7288391535661426	0.7288391535661426	0.6579228961448073	0.6579246066072973	0.6312834077533489	0.7288364418220911	0.7288418652559577	0.7288391535661426	0.8724836241812091	0.8735249409976399	0.875555022200888	0.7288391535661426	0.7288391535661426	0.7288405094178296	0.8603337150171758	0.8581036146626598	0.860663729867844	0.7288418652559577	0.7288391535661426	0.7288391535661426	0.8769850794031762	0.875705028201128	0.8716948677947118	0.7288405094178296	0.7288405094178296	0.7288418652559577
ES7_33A	45853	0.4652992034243253	0.45197971776895457	0.05870999034917968	0.2940864677821004	0.27150172013761104	0.36965272395429655	0.41281128112811283	0.3970497049704971	0.293649960246621	0.731452544415387	0.7314512015841109	0.4233581022292006	0.29890040653455546	0.29610720804060303	0.731452544415387	0.2914962346611195	0.27442744274427444	0.3228058244659573	0.044173092116448154	0	0.2964902016671417	0.7314498587394055	0.7314471730097059	0.7314485158812705	0.7314512015841109	0.7314498587394055	0.7314485158812705	0.7314485158812705	0.6928523567121041	0.7314471730097059	0.7314485158812705	0.7314485158812705	0.7314498587394055	0.7314471730097059	0.7314444872262865	0.7314485158812705	0.7314418013891458	0.7314444872262865	0.7314458301247112	0.7314512015841109	0.731452544415387	0.7314512015841109	0.8515588669150186	0.8554198793915574	0.8562592194414581	0.7314498587394055	0.731452544415387	0.7314498587394055	0.8596201734121388	0.8609388751100088	0.8567199703979279	0.7314498587394055	0.7314512015841109	0.731452544415387	0.731453887233234	0.731452544415387	0.731453887233234	0.7314498587394055	0.7314512015841109	0.7314512015841109	0.6577326186094887	0.6575243143235743	0.6581743630772308	0.7314485158812705	0.731453887233234	0.7314512015841109	0.8724797983838707	0.8735211464802536	0.8755512885902013	0.7314512015841109	0.7314512015841109	0.731452544415387	0.8603295247143535	0.8580993574518089	0.8606595494662099	0.731453887233234	0.7314512015841109	0.7314512015841109	0.8769813886972088	0.8757012990909364	0.871691018371286	0.731452544415387	0.731452544415387	0.731453887233234
ES6_36A	45854	0.3531282502600208	0.33950725318905295	0.2734491414399008	0.03601770132759957	0.045807977518538705	0.24392463547812868	0.24366571158548478	0.25721686343339184	0.05061354294800636	0.7310365518275914	0.7310352069363815	0.26360477035777685	0.07268508795615693	0.033942036522191334	0.7310365518275914	0.04007800585043878	0.042128580929378996	0.08305039827588793	0.2949812239673182	0.2964902016671417	0	0.7310338620317219	0.7310311721820527	0.7310325171136124	0.7310352069363815	0.7310338620317219	0.7310325171136124	0.7310325171136124	0.6924369327699578	0.7310311721820527	0.7310325171136124	0.7310325171136124	0.7310338620317219	0.7310311721820527	0.7310284822785823	0.7310325171136124	0.7310257923213089	0.7310284822785823	0.7310298272370428	0.7310352069363815	0.7310365518275914	0.7310352069363815	0.8515610936656199	0.8554220482126517	0.8562613756825409	0.7310338620317219	0.7310365518275914	0.7310338620317219	0.8596222792253574	0.8609409611624755	0.8567221197165844	0.7310338620317219	0.7310352069363815	0.7310365518275914	0.7310378967053517	0.7310365518275914	0.7310378967053517	0.7310338620317219	0.7310352069363815	0.7310352069363815	0.6573177256521674	0.6551593095585735	0.6577594655679341	0.7310325171136124	0.7310378967053517	0.7310352069363815	0.8724817113112352	0.8735230437674072	0.8755531554235483	0.7310352069363815	0.7310352069363815	0.7310365518275914	0.8603316198971939	0.8581014860891654	0.8606616396983819	0.7310378967053517	0.7310352069363815	0.7310352069363815	0.8769832340778743	0.875703163674002	0.8716929431118712	0.7310365518275914	0.7310365518275914	0.7310378967053517
KS1_30A	45855	0.8009660676247338	0.7984328667936774	0.7182230933856031	0.7209718631711062	0.7301951607338404	0.7636181809090454	0.783083731279846	0.7965647423556766	0.7178130687841271	0.6162546501860074	0.6115825212134546	0.7997569842039732	0.7274736484189052	0.7325866293314666	0.5771630865234609	0.7208018521203878	0.7301497612320924	0.710274065073579	0.7288377977008965	0.7314498587394055	0.7310338620317219	0	0.19558173490409425	0.20156608613473742	0.22824527103719666	0.22436121806090303	0.21948707178894838	0.32060263314482296	0.34826763739643074	0.2949176950617037	0.22122716749421217	0.22667746726069934	0.2334216710835542	0.291677500650039	0.34500415029052034	0.31831250718789533	0.410242819425554	0.3711259788185173	0.3525979188647262	0.2619967898555435	0.2592403696147846	0.2574765864463901	0.8515625781289065	0.8554234940572326	0.856262813140657	0.5649882494124706	0.5493619744789792	0.5508075403770188	0.859623683065738	0.8609423518293506	0.8567235525598652	0.5493874693734687	0.5250186258381627	0.5347113884555382	0.4272699544484057	0.4254870194807792	0.43178011230393065	0.5531976598829942	0.5711307008815397	0.5577100969543629	0.4822415232837806	0.44989249462473124	0.4634031701585079	0.5658961242868358	0.5508842809498332	0.5564100384517303	0.872482986564261	0.8735243085938867	0.8755543999479977	0.42956433039486774	0.4149336720152407	0.4389675587023481	0.8603330166508325	0.8581029051452572	0.8606630331516576	0.5335536743786032	0.5499597481886684	0.5493097189373521	0.8769844643008935	0.8757044066983014	0.8716942262401808	0.4389875595023801	0.44383775351014043	0.4350102253578875
KS1_33A	45856	0.8009640771261701	0.7984308509308384	0.7182202754192794	0.7209690726804511	0.7301924625100632	0.7636158169490169	0.7830815619327642	0.7965627078301656	0.7178102467172702	0.6162508125406271	0.6115786368250253	0.7997549816236218	0.7274709229646075	0.7325839550373022	0.5771588579428971	0.7207990599294947	0.7301470625003125	0.7102711676258957	0.7288350859297261	0.7314471730097059	0.7310311721820527	0.19558173490409425	0	0.07300974563346617	0.20360619834090876	0.22616356981418886	0.22812982843884852	0.2950841804717307	0.3189489211690877	0.2606882481773724	0.22662973093251063	0.22957992269497518	0.21685301118067085	0.29635074455211863	0.31208496679734377	0.28998384895018176	0.3260393435409187	0.43181454516361306	0.36290221766632497	0.3026316447404607	0.2968948447422371	0.2944611953657451	0.8515610936656199	0.8554220482126517	0.8562613756825409	0.5735744144648679	0.5579478973948697	0.5593935636138169	0.8596222792253574	0.8609409611624755	0.8567221197165844	0.5579734784087045	0.5336043482391531	0.5432971648582429	0.47739648284172786	0.4756137806890344	0.48190668580086105	0.5617837070224213	0.5797168844286436	0.5662961462880458	0.44304379784686004	0.4426065563933836	0.444576674600476	0.5744823413521879	0.5594701761579272	0.5649960747841132	0.8724817113112352	0.8735230437674072	0.8755531554235483	0.47969138302606645	0.45280990454474995	0.48909445472273616	0.8603316198971939	0.8581014860891654	0.8606616396983819	0.5421393962728323	0.5585457200146008	0.5578956842626345	0.8769832340778743	0.875703163674002	0.8716929431118712	0.4891144557227861	0.49396469823491174	0.4851368311574021
KS1_36A	45857	0.8009650723804286	0.7984318588672981	0.7182216844094866	0.7209704679327553	0.7301938116286977	0.7636169989349414	0.7830826466117289	0.7965637250980079	0.7178116577577542	0.6162527313729118	0.6115805790289515	0.7997559829188043	0.7274722856985704	0.7325852921910705	0.577160972243751	0.7208004560319222	0.7301484118729499	0.7102726163569815	0.7288364418220911	0.7314485158812705	0.7310325171136124	0.20156608613473742	0.07300974563346617	0	0.24394219710985549	0.21765697113341234	0.2208632517951077	0.2644158649518971	0.2592381466702669	0.26700235515308496	0.21964317859071544	0.2273836430185811	0.2506187840331218	0.2656822693475076	0.2605545415906193	0.25931555893353603	0.27686853382537513	0.3704327824586844	0.32992309461662317	0.3302965148257413	0.32617967808551385	0.32356617830891543	0.8515618359009746	0.8554227711385569	0.8562620944151929	0.5808969493322133	0.5652704371696726	0.5667161693893165	0.8596229811490574	0.8609416564993899	0.8567228361418071	0.5652960912850207	0.5409270463523176	0.550619777890005	0.5066802672106884	0.5048977203974179	0.5111904476179047	0.5691063008465466	0.5870393519675984	0.5736186809340467	0.3850531031861912	0.3841961307871933	0.3867762726949982	0.5818049082944977	0.5667926717068683	0.5723186159307966	0.8724823489409365	0.8735236761838092	0.8755537776888844	0.5089754487724386	0.4840542027101355	0.5183783270247161	0.8603323182775052	0.8581021956207592	0.8606623364285035	0.5494619784791391	0.5658682934146707	0.5652182609130456	0.8769838491924596	0.8757037851892595	0.871693584679234	0.5183983279247566	0.5232485461845783	0.514420576823073
KS2_30A	45858	0.8009670628590858	0.7984338747099768	0.7182245023476291	0.7209732583955037	0.7301965098254912	0.7636193628713293	0.7830848159371157	0.7965657596031722	0.7178144797963888	0.6162565689799143	0.6115844633785351	0.7997579854791288	0.7274750111256119	0.7325879664584907	0.5771652007820274	0.7208032481948917	0.7301511105777404	0.7102755137756888	0.7288391535661426	0.7314512015841109	0.7310352069363815	0.22824527103719666	0.20360619834090876	0.24394219710985549	0	0.03506657799600982	0.04390219510975549	0.23296164808240413	0.27009620577234633	0.14563300981553987	0.1286164308215411	0.1326966348317416	0.11345010525473646	0.19987599317962487	0.2545315445503958	0.22049102455122757	0.33442008150611297	0.3423372519213749	0.3244694681680901	0.30895235809432375	0.30317561114639013	0.30100204008160325	0.8515633203494157	0.8554242169686788	0.8562635318589337	0.5713607112320055	0.5557344507057747	0.5571800731032897	0.8596243849753991	0.8609430471523576	0.8567242689707588	0.555760009200414	0.531391255650226	0.5410839379378278	0.48367451023530705	0.48189186621531754	0.4881846455393662	0.5595701806581296	0.577503100124005	0.5640825633025321	0.535756787839392	0.5029176312934082	0.5105879764589406	0.5722686134306715	0.5572567177015311	0.562782511300452	0.8724836241812091	0.8735249409976399	0.875555022200888	0.4859694387775511	0.45908836353454135	0.4953723380318311	0.8603337150171758	0.8581036146626598	0.860663729867844	0.5399261977859335	0.5563322532901316	0.5556822272890916	0.8769850794031762	0.875705028201128	0.8716948677947118	0.4953923387318556	0.500242508487797	0.4914147424422733
